4,9952278

5,3146

6,176391

7,1832

8,1595

9,805

10,827

11,775

12,520

13,532

14,514

15,463

16,477

17,460

18,442

19,420

20,386

21,390

22,381

23,387

24,396

25,362

26,363

27,361

28,353

29,364

30,355

31,354

32,351

33,337

34,350

35,356

36,345

37,351

38,337

39,331

40,344

41,411

42,532

43,23663

44,611

45,547

46,507

47,526

48,499

49,431

50,399

51,385

52,375

53,375

54,364

55,360

56,380

57,375

58,374

59,369

60,357

61,371

62,376

63,371

64,389

65,390

66,399

67,412

68,394

69,404

70,373

71,367

72,372

73,339

74,343

75,350

76,341

77,349

78,339

79,350

80,363

81,348

82,360

83,367

84,354

85,367

86,380

87,382

88,387

89,384

90,390

91,368

92,364

93,379

94,359

95,363

96,353

97,341

98,350

99,346

100,340

101,351

102,367

103,376

104,374

105,364

106,399

107,486

108,405

109,368

110,339

111,335

112,323

113,306

114,311

115,302

116,301

117,298

118,283

119,289

120,292

121,291

122,298

123,286

124,285

125,287

126,281

127,289

128,286

129,292

130,294

131,274

132,270

133,267

134,258

135,266

136,259

137,260

138,265

139,263

140,265

141,258

142,253

143,254

144,240

145,248

146,247

147,240

148,244

149,234

150,223

151,228

152,230

153,234

154,237

155,241

156,245

157,234

158,237

159,243

160,238

161,245

162,246

163,240

164,247

165,252

166,259

167,262

168,263

169,265

170,260

171,264

172,266

173,257

174,261

175,258

176,252

177,258

178,254

179,255

180,258

181,257

182,263

183,262

184,266

185,271

186,262

187,265

188,265

189,255

190,262

191,262

192,262

193,269

194,272

195,278

196,285

197,289

198,293

199,283

200,287

201,280

202,264

203,272

204,265

205,254

206,257

207,248

208,245

209,248

210,244

211,246

212,245

213,251

214,257

215,256

216,254

217,247

218,244

219,252

220,252

221,255

222,261

223,259

224,261

225,263

226,262

227,271

228,262

229,268

230,266

231,254

232,254

233,251

234,252

235,259

236,259

237,268

238,275

239,273

240,276

241,271

242,274

243,273

244,269

245,278

246,277

247,281

248,288

249,278

250,275

251,277

252,273

253,279

254,276

255,277

256,280

257,271

258,283

259,286

260,276

261,287

262,284

263,282

264,289

265,290

266,295

267,300

268,303

269,309

270,307

271,311

272,319

273,310

274,318

275,308

276,303

277,311

278,304

279,305

280,309

281,307

282,312

283,302

284,308

285,314

286,300

287,305

288,300

289,289

290,298

291,294

292,294

293,297

294,295

295,301

296,303

297,304

298,312

299,306

300,319

301,323

302,308

303,320

304,320

305,314

306,314

307,300

308,302

309,303

310,309

311,319

312,315

313,325

314,328

315,322

316,334

317,332

318,325

319,332

320,303

321,286

322,272

323,272

324,273

325,268

326,282

327,291

328,281

329,292

330,298

331,284

332,289

333,283

334,282

335,281

336,275

337,278

338,272

339,274

340,284

341,275

342,278

343,281

344,274

345,288

346,292

347,291

348,300

349,306

350,311

351,309

352,308

353,313

354,301

355,307

356,310

357,295

358,311

359,317

360,316

361,330

362,326

363,327

364,330

365,320

366,324

367,320

368,328

369,328

370,306

371,302

372,291

373,278

374,285

375,278

376,269

377,267

378,271

379,276

380,268

381,272

382,279

383,273

384,279

385,284

386,277

387,289

388,290

389,280

390,281

391,275

392,274

393,268

394,265

395,271

396,265

397,275

398,280

399,277

400,285

401,282

402,279

403,284

404,283

405,289

406,289

407,285

408,287

409,281

410,279

411,283

412,270

413,277

414,277

415,276

416,281

417,274

418,266

419,265

420,258

421,261

422,254

423,252

424,255

425,252

426,265

427,269

428,264

429,271

430,265

431,264

432,272

433,275

434,278

435,279

436,273

437,277

438,265

439,268

440,273

441,263

442,270

443,271

444,262

445,266

446,264

447,265

448,263

449,257

450,255

451,249

452,250

453,250

454,245

455,252

456,250

457,248

458,256

459,253

460,254

461,259

462,257

463,263

464,262

465,269

466,270

467,259

468,262

469,269

470,258

471,258

472,249

473,250

474,252

475,252

476,252

477,247

478,244

479,241

480,230

481,230

482,229

483,216

484,217

485,208

486,195

487,200

488,205

489,209

490,210

491,209

492,207

493,201

494,199

495,195

496,185

497,191

498,192

499,192

500,197

501,193

502,195

503,195

504,191

505,193

506,189

507,189

508,190

509,189

510,198

511,200

512,199

513,206

514,206

515,208

516,211

517,210

518,212

519,210

520,215

521,218

522,214

523,220

524,222

525,218

526,225

527,227

528,228

529,232

530,225

531,229

532,229

533,224

534,224

535,220

536,224

537,227

538,224

539,232

540,233

541,232

542,236

543,231

544,234

545,234

546,231

547,234

548,231

549,229

550,232

551,226

552,236

553,239

554,237

555,242

556,241

557,242

558,240

559,232

560,232

561,231

562,227

563,230

564,226

565,233

566,235

567,224

568,225

569,225

570,226

571,231

572,236

573,245

574,246

575,249

576,257

577,257

578,259

579,263

580,261

581,271

582,270

583,273

584,275

585,261

586,260

587,256

588,242

589,232

590,221

591,222

592,224

593,213

594,205

595,203

596,204

597,207

598,197

599,196

600,200

601,204

602,209

603,209

604,216

605,221

606,219

607,225

608,225

609,221

610,229

611,229

612,231

613,237

614,232

615,231

616,229

617,228

618,233

619,230

620,239

621,241

622,242

623,248

624,248

625,249

626,256

627,253

628,254

629,256

630,254

631,257

632,255

633,252

634,254

635,251

636,263

637,268

638,267

639,275

640,271

641,273

642,275

643,267

644,266

645,260

646,259

647,265

648,263

649,270

650,272

651,264

652,271

653,269

654,267

655,272

656,270

657,275

658,273

659,268

660,273

661,267

662,267

663,268

664,259

665,267

666,267

667,263

668,268

669,267

670,262

671,258

672,254

673,259

674,258

675,260

676,262

677,252

678,256

679,257

680,254

681,263

682,260

683,260

684,262

685,251

686,253

687,255

688,251

689,256

690,249

691,252

692,254

693,257

694,272

695,282

696,285

697,289

698,285

699,290

700,290

701,286

702,292

703,286

704,286

705,290

706,287

707,302

708,314

709,311

710,319

711,318

712,299

713,288

714,270

715,279

716,270

717,270

718,281

719,278

720,288

721,291

722,286

723,293

724,289

725,288

726,288

727,282

728,287

729,283

730,289

731,296

732,285

733,297

734,304

735,295

736,306

737,308

738,299

739,303

740,292

741,284

742,269

743,258

744,260

745,257

746,263

747,267

748,262

749,269

750,268

751,261

752,261

753,251

754,252

755,250

756,248

757,254

758,246

759,253

760,256

761,249

762,256

763,254

764,245

765,253

766,266

767,272

768,278

769,277

770,284

771,274

772,273

773,278

774,270

775,273

776,275

777,274

778,286

779,290

780,285

781,287

782,277

783,281

784,273

785,269

786,270

787,254

788,258

789,260

790,257

791,266

792,263

793,259

794,262

795,254

796,253

797,247

798,236

799,241

800,238

801,243

802,244

803,237

804,240

805,234

806,221

807,214

808,189

809,184

810,176

811,169

812,177

813,186

814,196

815,205

816,208

817,214

818,211

819,206

820,206

821,200

822,195

823,193

824,194

825,196

826,197

827,204

828,209

829,205

830,208

831,204

832,206

833,212

834,218

835,218

836,221

837,217

838,218

839,212

840,208

841,210

842,202

843,207

844,207

845,201

846,205

847,200

848,196

849,193

850,181

851,185

852,187

853,195

854,203

855,205

856,217

857,223

858,225

859,231

860,226

861,225

862,233

863,226

864,229

865,231

866,239

867,245

868,244

869,248

870,247

871,244

872,249

873,250

874,251

875,257

876,249

877,250

878,251

879,244

880,246

881,248

882,254

883,255

884,248

885,256

886,258

887,251

888,253

889,246

890,245

891,247

892,249

893,253

894,251

895,250

896,253

897,247

898,251

899,251

900,240

901,247

902,244

903,239

904,242

905,237

906,239

907,240

908,242

909,246

910,245

911,253

912,255

913,251

914,260

915,260

916,255

917,262

918,259

919,262

920,263

921,260

922,266

923,263

924,261

925,264

926,251

927,252

928,253

929,242

930,250

931,247

932,244

933,244

934,242

935,243

936,237

937,240

938,244

939,235

940,239

941,240

942,235

943,241

944,241

945,241

946,242

947,237

948,242

949,241

950,240

951,246

952,242

953,247

954,250

955,241

956,248

957,247

958,245

959,250

960,249

961,252

962,251

963,246

964,248

965,242

966,245

967,249

968,243

969,242

970,237

971,233

972,236

973,237

974,237

975,243

976,247

977,251

978,253

979,257

980,263

981,257

982,261

983,264

984,259

985,268

986,267

987,262

988,265

989,265

990,269

991,268

992,264

993,271

994,261

995,265

996,273

997,264

998,269

999,267

1000,260

1001,264

1002,258

1003,259

1004,256

1005,254

1006,254

1007,244

1008,249

1009,254

1010,253

1011,265

1012,271

1013,269

1014,279

1015,279

1016,285

1017,293

1018,287

1019,286

1020,275

1021,269

1022,274

1023,269

1024,267

1025,267

1026,259

1027,264

1028,263

1029,259

1030,261

1031,260

1032,261

1033,261

1034,268

1035,275

1036,269

1037,273

1038,276

1039,260

1040,269

1041,272

1042,263

1043,267

1044,267

1045,265

1046,263

1047,261

1048,268

1049,269

1050,267

1051,272

1052,267

1053,271

1054,276

1055,272

1056,277

1057,273

1058,268

1059,269

1060,268

1061,271

1062,264

1063,263

1064,270

1065,260

1066,263

1067,269

1068,260

1069,268

1070,271

1071,268

1072,271

1073,265

1074,264

1075,262

1076,260

1077,268

1078,255

1079,256

1080,258

1081,248

1082,255

1083,257

1084,247

1085,252

1086,257

1087,257

1088,256

1089,256

1090,262

1091,256

1092,253

1093,255

1094,245

1095,247

1096,245

1097,244

1098,251

1099,251

1100,259

1101,265

1102,266

1103,270

1104,266

1105,261

1106,263

1107,257

1108,264

1109,273

1110,271

1111,281

1112,283

1113,276

1114,269

1115,259

1116,265

1117,265

1118,262

1119,264

1120,252

1121,253

1122,249

1123,236

1124,236

1125,226

1126,232

1127,239

1128,242

1129,247

1130,241

1131,215

1132,213

1133,207

1134,220

1135,226

1136,231

1137,241

1138,245

1139,239

1140,243

1141,239

1142,233

1143,231

1144,229

1145,233

1146,228

1147,235

1148,238

1149,231

1150,238

1151,241

1152,234

1153,239

1154,233

1155,235

1156,236

1157,235

1158,236

1159,233

1160,228

1161,230

1162,221

1163,226

1164,225

1165,215

1166,216

1167,209

1168,212

1169,218

1170,223

1171,229

1172,234

1173,236

1174,242

1175,238

1176,239

1177,238

1178,236

1179,245

1180,250

1181,249

1182,253

1183,244

1184,240

1185,243

1186,239

1187,239

1188,234

1189,231

1190,235

1191,226

1192,228

1193,229

1194,225

1195,234

1196,240

1197,248

1198,250

1199,245

1200,251

1201,252

1202,257

1203,268

1204,273

1205,287

1206,291

1207,280

1208,288

1209,286

1210,271

1211,265

1212,254

1213,247

1214,242

1215,246

1216,252

1217,247

1218,253

1219,253

1220,248

1221,251

1222,247

1223,242

1224,249

1225,247

1226,248

1227,249

1228,240

1229,241

1230,236

1231,242

1232,247

1233,244

1234,252

1235,253

1236,245

1237,252

1238,250

1239,259

1240,268

1241,270

1242,274

1243,267

1244,260

1245,260

1246,251

1247,252

1248,256

1249,258

1250,269

1251,271

1252,268

1253,275

1254,265

1255,263

1256,262

1257,253

1258,251

1259,240

1260,232

1261,230

1262,224

1263,228

1264,231

1265,227

1266,234

1267,234

1268,236

1269,239

1270,239

1271,241

1272,231

1273,230

1274,232

1275,223

1276,224

1277,224

1278,213

1279,216

1280,212

1281,211

1282,216

1283,219

1284,226

1285,228

1286,236

1287,244

1288,243

1289,249

1290,250

1291,242

1292,242

1293,237

1294,231

1295,237

1296,241

1297,247

1298,247

1299,237

1300,241

1301,230

1302,226

1303,224

1304,215

1305,216

1306,213

1307,218

1308,225

1309,232

1310,242

1311,246

1312,246

1313,248

1314,240

1315,240

1316,243

1317,238

1318,238

1319,236

1320,229

1321,232

1322,225

1323,226

1324,225

1325,226

1326,226

1327,220

1328,217

1329,217

1330,210

1331,205

1332,200

1333,197

1334,203

1335,211

1336,215

1337,220

1338,213

1339,213

1340,210

1341,207

1342,211

1343,208

1344,208

1345,206

1346,200

1347,204

1348,205

1349,207

1350,212

1351,216

1352,220

1353,221

1354,219

1355,219

1356,207

1357,205

1358,202

1359,199

1360,202

1361,198

1362,198

1363,203

1364,201

1365,200

1366,199

1367,194

1368,195

1369,194

1370,196

1371,201

1372,198

1373,203

1374,203

1375,206

1376,212

1377,210

1378,213

1379,217

1380,221

1381,224

1382,223

1383,222

1384,227

1385,224

1386,224

1387,222

1388,217

1389,221

1390,215

1391,211

1392,211

1393,207

1394,209

1395,210

1396,209

1397,215

1398,213

1399,216

1400,220

1401,216

1402,223

1403,227

1404,230

1405,234

1406,233

1407,238

1408,241

1409,242

1410,244

1411,238

1412,251

1413,257

1414,251

1415,253

1416,247

1417,243

1418,249

1419,243

1420,239

1421,237

1422,228

1423,231

1424,223

1425,226

1426,229

1427,225

1428,231

1429,229

1430,227

1431,234

1432,229

1433,236

1434,242

1435,234

1436,239

1437,236

1438,236

1439,241

1440,241

1441,244

1442,244

1443,237

1444,240

1445,233

1446,235

1447,239

1448,238

1449,242

1450,243

1451,242

1452,245

1453,236

1454,233

1455,229

1456,222

1457,229

1458,228

1459,230

1460,235

1461,234

1462,237

1463,240

1464,232

1465,238

1466,234

1467,236

1468,240

1469,231

1470,233

1471,228

1472,220

1473,223

1474,215

1475,214

1476,217

1477,214

1478,220

1479,220

1480,221

1481,222

1482,217

1483,224

1484,226

1485,222

1486,231

1487,231

1488,229

1489,231

1490,224

1491,227

1492,225

1493,221

1494,222

1495,220

1496,223

1497,222

1498,217

1499,223

1500,227

1501,226

1502,233

1503,231

1504,236

1505,241

1506,240

1507,241

1508,233

1509,233

1510,239

1511,237

1512,244

1513,248

1514,243

1515,246

1516,234

1517,237

1518,240

1519,236

1520,241

1521,236

1522,242

1523,250

1524,243

1525,248

1526,248

1527,242

1528,248

1529,246

1530,247

1531,249

1532,237

1533,241

1534,241

1535,230

1536,235

1537,232

1538,240

1539,246

1540,237

1541,239

1542,240

1543,240

1544,249

1545,246

1546,244

1547,246

1548,251

1549,255

1550,256

1551,268

1552,271

1553,259

1554,267

1555,263

1556,252

1557,258

1558,253

1559,253

1560,259

1561,253

1562,256

1563,250

1564,248

1565,251

1566,246

1567,249

1568,253

1569,244

1570,248

1571,242

1572,240

1573,241

1574,234

1575,237

1576,240

1577,239

1578,242

1579,238

1580,242

1581,244

1582,240

1583,247

1584,246

1585,239

1586,246

1587,246

1588,241

1589,242

1590,237

1591,240

1592,240

1593,245

1594,251

1595,248

1596,250

1597,249

1598,245

1599,252

1600,248

1601,249

1602,253

1603,249

1604,254

1605,248

1606,244

1607,243

1608,235

1609,241

1610,245

1611,241

1612,250

1613,248

1614,246

1615,249

1616,236

1617,235

1618,234

1619,236

1620,238

1621,234

1622,233

1623,234

1624,228

1625,237

1626,238

1627,236

1628,241

1629,236

1630,241

1631,240

1632,235

1633,239

1634,236

1635,239

1636,245

1637,239

1638,245

1639,245

1640,239

1641,246

1642,244

1643,247

1644,252

1645,230

1646,236

1647,235

1648,252

1649,262

1650,253

1651,252

1652,249

1653,243

1654,249

1655,248

1656,244

1657,249

1658,250

1659,256

1660,260

1661,263

1662,272

1663,271

1664,270

1665,268

1666,249

1667,247

1668,238

1669,238

1670,243

1671,240

1672,243

1673,244

1674,242

1675,245

1676,238

1677,235

1678,234

1679,229

1680,238

1681,243

1682,241

1683,251

1684,259

1685,259

1686,259

1687,254

1688,261

1689,262

1690,261

1691,267

1692,259

1693,264

1694,266

1695,258

1696,260

1697,251

1698,249

1699,252

1700,246

1701,247

1702,243

1703,238

1704,242

1705,236

1706,240

1707,246

1708,242

1709,247

1710,247

1711,252

1712,260

1713,256

1714,260

1715,266

1716,260

1717,262

1718,258

1719,251

1720,252

1721,248

1722,256

1723,262

1724,256

1725,262

1726,261

1727,260

1728,261

1729,252

1730,255

1731,252

1732,247

1733,248

1734,239

1735,240

1736,238

1737,233

1738,241

1739,242

1740,243

1741,248

1742,248

1743,245

1744,243

1745,241

1746,243

1747,237

1748,241

1749,241

1750,236

1751,238

1752,237

1753,236

1754,239

1755,240

1756,242

1757,242

1758,241

1759,246

1760,244

1761,250

1762,256

1763,250

1764,250

1765,248

1766,240

1767,243

1768,242

1769,240

1770,242

1771,235

1772,238

1773,235

1774,236

1775,236

1776,231

1777,232

1778,232

1779,215

1780,219

1781,216

1782,216

1783,216

1784,214

1785,217

1786,218

1787,223

1788,230

1789,231

1790,247

1791,261

1792,254

1793,262

1794,258

1795,255

1796,257

1797,250

1798,251

1799,251

1800,244

1801,249

1802,244

1803,249

1804,253

1805,244

1806,250

1807,250

1808,245

1809,252

1810,251

1811,248

1812,249

1813,247

1814,252

1815,247

1816,246

1817,247

1818,239

1819,237

1820,235

1821,231

1822,237

1823,240

1824,239

1825,242

1826,240

1827,239

1828,236

1829,227

1830,230

1831,221

1832,225

1833,231

1834,229

1835,237

1836,238

1837,241

1838,249

1839,247

1840,247

1841,248

1842,232

1843,231

1844,229

1845,225

1846,225

1847,221

1848,233

1849,237

1850,240

1851,244

1852,238

1853,243

1854,245

1855,249

1856,254

1857,251

1858,248

1859,250

1860,242

1861,249

1862,250

1863,240

1864,245

1865,239

1866,234

1867,236

1868,230

1869,233

1870,230

1871,226

1872,230

1873,227

1874,229

1875,231

1876,232

1877,240

1878,243

1879,245

1880,251

1881,248

1882,252

1883,250

1884,243

1885,247

1886,241

1887,236

1888,237

1889,226

1890,227

1891,228

1892,229

1893,239

1894,241

1895,247

1896,250

1897,252

1898,255

1899,249

1900,249

1901,247

1902,235

1903,233

1904,233

1905,228

1906,234

1907,231

1908,232

1909,234

1910,230

1911,229

1912,226

1913,227

1914,229

1915,225

1916,229

1917,228

1918,222

1919,230

1920,230

1921,227

1922,229

1923,218

1924,220

1925,224

1926,225

1927,223

1928,217

1929,221

1930,228

1931,225

1932,233

1933,236

1934,238

1935,243

1936,239

1937,241

1938,244

1939,240

1940,243

1941,242

1942,244

1943,248

1944,244

1945,243

1946,241

1947,236

1948,241

1949,242

1950,247

1951,254

1952,255

1953,259

1954,260

1955,249

1956,250

1957,245

1958,251

1959,255

1960,247

1961,247

1962,236

1963,239

1964,248

1965,254

1966,255

1967,253

1968,247

1969,250

1970,245

1971,248

1972,252

1973,251

1974,258

1975,260

1976,258

1977,265

1978,260

1979,258

1980,257

1981,248

1982,248

1983,244

1984,240

1985,240

1986,234

1987,235

1988,237

1989,235

1990,242

1991,241

1992,240

1993,242

1994,235

1995,239

1996,240

1997,239

1998,241

1999,238

2000,237

2001,237

2002,228

2003,231

2004,226

2005,226

2006,227

2007,221

2008,221

2009,223

2010,222

2011,224

2012,223

2013,225

2014,226

2015,221

2016,225

2017,222

2018,215

2019,222

2020,223

2021,221

2022,221

2023,220

2024,220

2025,218

2026,218

2027,221

2028,215

2029,219

2030,221

2031,216

2032,223

2033,226

2034,227

2035,230

2036,227

2037,228

2038,226

2039,220

2040,224

2041,218

2042,220

2043,224

2044,221

2045,228

2046,227

2047,228

2048,232

2049,225

2050,233

2051,236

2052,238

2053,240

2054,239

2055,233

2056,234

2057,229

2058,230

2059,225

2060,219

2061,222

2062,217

2063,218

2064,219

2065,213

2066,210

2067,206

2068,207

2069,210

2070,209

2071,215

2072,218

2073,212

2074,217

2075,214

2076,210

2077,214

2078,212

2079,213

2080,212

2081,212

2082,216

2083,212

2084,215

2085,216

2086,211

2087,214

2088,212

2089,209

2090,213

2091,206

2092,209

2093,210

2094,208

2095,210

2096,208

2097,206

2098,206

2099,201

2100,205

2101,208

2102,208

2103,212

2104,213

2105,215

2106,217

2107,216

2108,218

2109,213

2110,209

2111,211

2112,208

2113,212

2114,216

2115,211

2116,217

2117,213

2118,213

2119,216

2120,212

2121,216

2122,216

2123,218

2124,221

2125,216

2126,214

2127,211

2128,207

2129,213

2130,214

2131,213

2132,216

2133,212

2134,215

2135,217

2136,209

2137,212

2138,216

2139,219

2140,222

2141,221

2142,224

2143,220

2144,218

2145,223

2146,221

2147,223

2148,227

2149,221

2150,223

2151,220

2152,219

2153,222

2154,218

2155,221

2156,216

2157,206

2158,203

2159,192

2160,190

2161,189

2162,181

2163,185

2164,185

2165,183

2166,189

2167,188

2168,196

2169,196

2170,193

2171,198

2172,197

2173,198

2174,200

2175,196

2176,196

2177,193

2178,193

2179,194

2180,191

2181,193

2182,192

2183,192

2184,196

2185,198

2186,195

2187,197

2188,193

2189,195

2190,197

2191,195

2192,198

2193,197

2194,197

2195,201

2196,201

2197,208

2198,209

2199,208

2200,212

2201,211

2202,211

2203,211

2204,202

2205,204

2206,203

2207,198

2208,199

2209,198

2210,202

2211,201

2212,199

2213,204

2214,206

2215,204

2216,208

2217,213

2218,215

2219,215

2220,213

2221,217

2222,216

2223,210

2224,212

2225,203

2226,205

2227,203

2228,202

2229,207

2230,206

2231,203

2232,204

2233,201

2234,203

2235,201

2236,201

2237,204

2238,202

2239,201

2240,201

2241,200

2242,205

2243,203

2244,208

2245,212

2246,210

2247,214

2248,213

2249,208

2250,212

2251,213

2252,215

2253,215

2254,212

2255,215

2256,214

2257,212

2258,215

2259,210

2260,213

2261,213

2262,210

2263,213

2264,212

2265,211

2266,214

2267,215

2268,217

2269,213

2270,210

2271,210

2272,207

2273,207

2274,210

2275,211

2276,215

2277,215

2278,216

2279,220

2280,218

2281,222

2282,222

2283,220

2284,227

2285,227

2286,229

2287,235

2288,234

2289,239

2290,236

2291,231

2292,234

2293,231

2294,231

2295,233

2296,226

2297,233

2298,234

2299,234

2300,234

2301,229

2302,231

2303,231

2304,224

2305,228

2306,225

2307,222

2308,225

2309,223

2310,223

2311,221

2312,221

2313,228

2314,226

2315,232

2316,233

2317,232

2318,235

2319,237

2320,243

2321,246

2322,241

2323,241

2324,238

2325,233

2326,234

2327,235

2328,232

2329,232

2330,220

2331,222

2332,221

2333,228

2334,231

2335,229

2336,241

2337,258

2338,45586

2339,7

2340,51192

2341,677

2342,492

2343,446

2344,409

2345,411

2346,409

2347,382

2348,368

2349,367

2350,345

2351,357

2352,358

2353,344

2354,350

2355,340

2356,333

2357,339

2358,319

2359,323

2360,327

2361,331

2362,347

2363,348

2364,348

2365,355

2366,343

2367,343

2368,332

2369,330

2370,336

2371,320

2372,321

2373,318

2374,310

2375,316

2376,311

2377,305

2378,312

2379,313

2380,323

2381,324

2382,320

2383,325

2384,317

2385,306

2386,311

2387,311

2388,318

2389,319

2390,314

2391,326

2392,321

2393,341

2394,358

2395,341

2396,355

2397,360

2398,346

2399,346

2400,328

2401,323

2402,312

2403,304

2404,310

2405,305

2406,308

2407,315

2408,305

2409,313

2410,314

2411,307

2412,312

2413,308

2414,310

2415,303

2416,288

2417,293

2418,285

2419,286

2420,294

2421,288

2422,292

2423,293

2424,289

2425,293

2426,290

2427,296

2428,293

2429,282

2430,290

2431,287

2432,287

2433,295

2434,288

2435,290

2436,293

2437,287

2438,293

2439,283

2440,281

2441,282

2442,275

2443,281

2444,276

2445,273

2446,279

2447,271

2448,278

2449,286

2450,275

2451,279

2452,273

2453,269

2454,271

2455,266

2456,271

2457,267

2458,261

2459,268

2460,265

2461,262

2462,267

2463,261

2464,265

2465,271

2466,267

2467,272

2468,271

2469,269

2470,271

2471,271

2472,279

2473,279

2474,283

2475,290

2476,284

2477,283

2478,279

2479,273

2480,275

2481,271

2482,270

2483,276

2484,276

2485,280

2486,281

2487,283

2488,288

2489,282

2490,280

2491,280

2492,270

2493,272

2494,270

2495,271

2496,278

2497,273

2498,275

2499,277

2500,266

2501,271

2502,270

2503,280

2504,290

2505,272

2506,274

2507,270

2508,258

2509,266

2510,261

2511,255

2512,258

2513,250

2514,249

2515,246

2516,242

2517,244

2518,239

2519,239

2520,239

2521,234

2522,240

2523,234

2524,235

2525,235

2526,230

2527,234

2528,237

2529,239

2530,245

2531,245

2532,250

2533,251

2534,246

2535,258

2536,257

2537,249

2538,254

2539,247

2540,245

2541,247

2542,241

2543,245

2544,242

2545,247

2546,250

2547,247

2548,252

2549,252

2550,275

2551,299

2552,283

2553,279

2554,265

2555,259

2556,264

2557,254

2558,256

2559,256

2560,254

2561,261

2562,258

2563,256

2564,258

2565,253

2566,251

2567,241

2568,240

2569,246

2570,245

2571,245

2572,243

2573,240

2574,242

2575,238

2576,240

2577,245

2578,238

2579,242

2580,240

2581,238

2582,247

2583,249

2584,246

2585,245

2586,236

2587,240

2588,239

2589,243

2590,251

2591,244

2592,241

2593,241

2594,237

2595,242

2596,237

2597,239

2598,244

2599,238

2600,246

2601,245

2602,233

2603,238

2604,237

2605,239

2606,247

2607,244

2608,240

2609,237

2610,232

2611,235

2612,228

2613,233

2614,233

2615,230

2616,233

2617,223

2618,219

2619,224

2620,229

2621,238

2622,242

2623,239

2624,246

2625,247

2626,250

2627,255

2628,253

2629,259

2630,262

2631,257

2632,261

2633,255

2634,256

2635,256

2636,247

2637,252

2638,250

2639,250

2640,256

2641,257

2642,259

2643,256

2644,257

2645,262

2646,257

2647,256

2648,257

2649,251

2650,258

2651,261

2652,257

2653,263

2654,263

2655,264

2656,261

2657,251

2658,257

2659,257

2660,256

2661,261

2662,254

2663,258

2664,258

2665,252

2666,257

2667,252

2668,250

2669,250

2670,242

2671,249

2672,246

2673,236

2674,239

2675,235

2676,238

2677,244

2678,241

2679,247

2680,244

2681,239

2682,240

2683,227

2684,233

2685,233

2686,237

2687,244

2688,240

2689,242

2690,242

2691,233

2692,234

2693,234

2694,232

2695,238

2696,236

2697,239

2698,241

2699,237

2700,244

2701,241

2702,243

2703,250

2704,242

2705,249

2706,252

2707,244

2708,249

2709,247

2710,251

2711,258

2712,259

2713,266

2714,262

2715,252

2716,254

2717,244

2718,254

2719,256

2720,251

2721,256

2722,261

2723,259

2724,264

2725,257

2726,262

2727,262

2728,262

2729,271

2730,264

2731,264

2732,267

2733,259

2734,263

2735,259

2736,255

2737,258

2738,246

2739,251

2740,255

2741,250

2742,257

2743,255

2744,258

2745,268

2746,261

2747,264

2748,263

2749,261

2750,267

2751,262

2752,261

2753,264

2754,262

2755,262

2756,258

2757,253

2758,262

2759,262

2760,270

2761,272

2762,267

2763,274

2764,272

2765,272

2766,282

2767,275

2768,279

2769,284

2770,276

2771,276

2772,276

2773,277

2774,280

2775,279

2776,281

2777,273

2778,272

2779,280

2780,271

2781,276

2782,284

2783,281

2784,286

2785,298

2786,295

2787,297

2788,297

2789,298

2790,288

2791,288

2792,297

2793,291

2794,295

2795,301

2796,288

2797,289

2798,290

2799,281

2800,284

2801,289

2802,293

2803,290

2804,291

2805,296

2806,289

2807,291

2808,297

2809,283

2810,288

2811,291

2812,274

2813,273

2814,270

2815,267

2816,265

2817,266

2818,273

2819,275

2820,276

2821,282

2822,272

2823,274

2824,282

2825,272

2826,276

2827,275

2828,273

2829,275

2830,271

2831,271

2832,267

2833,270

2834,277

2835,269

2836,270

2837,266

2838,255

2839,264

2840,265

2841,264

2842,267

2843,258

2844,258

2845,259

2846,262

2847,268

2848,258

2849,262

2850,269

2851,267

2852,274

2853,276

2854,268

2855,273

2856,263

2857,258

2858,262

2859,257

2860,262

2861,259

2862,262

2863,268

2864,263

2865,268

2866,269

2867,251

2868,259

2869,260

2870,259

2871,258

2872,254

2873,263

2874,265

2875,261

2876,265

2877,255

2878,259

2879,263

2880,260

2881,265

2882,269

2883,255

2884,260

2885,266

2886,264

2887,260

2888,254

2889,259

2890,253

2891,253

2892,257

2893,251

2894,253

2895,257

2896,251

2897,258

2898,259

2899,256

2900,257

2901,257

2902,259

2903,257

2904,256

2905,258

2906,247

2907,250

2908,254

2909,246

2910,253

2911,251

2912,249

2913,255

2914,254

2915,259

2916,262

2917,257

2918,262

2919,256

2920,261

2921,263

2922,253

2923,257

2924,261

2925,255

2926,258

2927,256

2928,260

2929,261

2930,262

2931,270

2932,265

2933,263

2934,271

2935,263

2936,270

2937,277

2938,264

2939,266

2940,268

2941,265

2942,265

2943,265

2944,268

2945,261

2946,260

2947,266

2948,259

2949,265

2950,271

2951,264

2952,276

2953,282

2954,274

2955,277

2956,275

2957,276

2958,271

2959,272

2960,278

2961,268

2962,271

2963,275

2964,266

2965,269

2966,273

2967,268

2968,274

2969,277

2970,282

2971,282

2972,286

2973,292

2974,286

2975,282

2976,282

2977,268

2978,273

2979,280

2980,274

2981,280

2982,282

2983,282

2984,283

2985,283

2986,287

2987,280

2988,280

2989,286

2990,276

2991,282

2992,282

2993,272

2994,279

2995,279

2996,280

2997,282

2998,280

2999,286

3000,281

3001,285

3002,294

3003,289

3004,295

3005,307

3006,293

3007,299

3008,305

3009,298

3010,295

3011,293

3012,291

3013,283

3014,280

3015,290

3016,284

3017,288

3018,301

3019,294

3020,297

3021,302

3022,291

3023,297

3024,297

3025,291

3026,287

3027,285

3028,293

3029,288

3030,286

3031,289

3032,275

3033,278

3034,281

3035,268

3036,276

3037,275

3038,272

3039,276

3040,277

3041,278

3042,272

3043,269

3044,276

3045,265

3046,266

3047,267

3048,262

3049,269

3050,264

3051,266

3052,276

3053,269

3054,261

3055,257

3056,254

3057,260

3058,254

3059,254

3060,261

3061,263

3062,272

3063,276

3064,263

3065,267

3066,269

3067,270

3068,272

3069,274

3070,281

3071,278

3072,281

3073,292

3074,290

3075,293

3076,299

3077,277

3078,283

3079,280

3080,264

3081,268

3082,268

3083,274

3084,272

3085,265

3086,269

3087,261

3088,260

3089,262

3090,254

3091,262

3092,266

3093,261

3094,268

3095,262

3096,258

3097,252

3098,240

3099,244

3100,238

3101,244

3102,252

3103,253

3104,257

3105,256

3106,246

3107,251

3108,248

3109,243

3110,245

3111,242

3112,241

3113,238

3114,235

3115,241

3116,235

3117,238

3118,243

3119,238

3120,247

3121,250

3122,253

3123,258

3124,256

3125,257

3126,253

3127,249

3128,255

3129,247

3130,254

3131,258

3132,256

3133,261

3134,263

3135,259

3136,263

3137,262

3138,265

3139,269

3140,266

3141,271

3142,268

3143,269

3144,278

3145,269

3146,272

3147,273

3148,267

3149,276

3150,281

3151,276

3152,278

3153,279

3154,284

3155,278

3156,279

3157,285

3158,269

3159,271

3160,277

3161,264

3162,271

3163,271

3164,267

3165,271

3166,271

3167,269

3168,263

3169,263

3170,272

3171,270

3172,274

3173,277

3174,266

3175,271

3176,272

3177,273

3178,277

3179,278

3180,281

3181,281

3182,278

3183,283

3184,273

3185,272

3186,276

3187,260

3188,259

3189,261

3190,252

3191,255

3192,253

3193,256

3194,265

3195,270

3196,278

3197,274

3198,275

3199,275

3200,255

3201,252

3202,248

3203,234

3204,242

3205,244

3206,250

3207,256

3208,249

3209,254

3210,255

3211,250

3212,259

3213,257

3214,259

3215,265

3216,261

3217,266

3218,265

3219,256

3220,262

3221,261

3222,265

3223,270

3224,270

3225,279

3226,278

3227,279

3228,284

3229,274

3230,277

3231,277

3232,275

3233,280

3234,273

3235,278

3236,282

3237,278

3238,285

3239,283

3240,283

3241,288

3242,280

3243,290

3244,299

3245,293

3246,298

3247,286

3248,282

3249,281

3250,282

3251,286

3252,280

3253,282

3254,292

3255,286

3256,284

3257,288

3258,270

3259,277

3260,277

3261,273

3262,282

3263,275

3264,277

3265,278

3266,273

3267,280

3268,279

3269,277

3270,280

3271,268

3272,271

3273,267

3274,253

3275,255

3276,252

3277,253

3278,258

3279,256

3280,262

3281,259

3282,261

3283,271

3284,265

3285,272

3286,276

3287,259

3288,264

3289,262

3290,260

3291,266

3292,255

3293,255

3294,249

3295,239

3296,243

3297,237

3298,239

3299,243

3300,233

3301,237

3302,235

3303,230

3304,231

3305,225

3306,225

3307,223

3308,222

3309,233

3310,234

3311,234

3312,238

3313,239

3314,244

3315,241

3316,240

3317,245

3318,240

3319,245

3320,251

3321,251

3322,257

3323,254

3324,254

3325,261

3326,257

3327,259

3328,260

3329,250

3330,259

3331,255

3332,256

3333,263

3334,259

3335,257

3336,253

3337,255

3338,262

3339,257

3340,253

3341,254

3342,246

3343,252

3344,252

3345,248

3346,252

3347,250

3348,251

3349,251

3350,248

3351,255

3352,254

3353,255

3354,258

3355,251

3356,261

3357,265

3358,264

3359,271

3360,264

3361,261

3362,262

3363,257

3364,258

3365,254

3366,245

3367,248

3368,242

3369,248

3370,251

3371,248

3372,253

3373,251

3374,255

3375,258

3376,253

3377,258

3378,258

3379,257

3380,266

3381,266

3382,264

3383,265

3384,255

3385,263

3386,266

3387,266

3388,272

3389,272

3390,278

3391,275

3392,273

3393,282

3394,274

3395,264

3396,267

3397,260

3398,263

3399,261

3400,252

3401,260

3402,261

3403,264

3404,268

3405,263

3406,268

3407,264

3408,261

3409,271

3410,266

3411,263

3412,262

3413,261

3414,269

3415,266

3416,264

3417,270

3418,264

3419,270

3420,272

3421,267

3422,274

3423,269

3424,267

3425,268

3426,257

3427,261

3428,262

3429,263

3430,269

3431,260

3432,263

3433,266

3434,259

3435,266

3436,265

3437,263

3438,265

3439,254

3440,259

3441,262

3442,261

3443,269

3444,270

3445,258

3446,257

3447,262

3448,268

3449,268

3450,272

3451,279

3452,268

3453,269

3454,269

3455,265

3456,266

3457,269

3458,269

3459,271

3460,271

3461,275

3462,275

3463,271

3464,275

3465,272

3466,271

3467,273

3468,252

3469,254

3470,253

3471,257

3472,266

3473,266

3474,268

3475,270

3476,260

3477,267

3478,266

3479,264

3480,271

3481,266

3482,271

3483,275

3484,273

3485,284

3486,279

3487,281

3488,283

3489,270

3490,273

3491,273

3492,268

3493,273

3494,262

3495,263

3496,266

3497,257

3498,267

3499,275

3500,274

3501,278

3502,272

3503,276

3504,279

3505,268

3506,265

3507,257

3508,249

3509,253

3510,256

3511,261

3512,255

3513,245

3514,244

3515,244

3516,237

3517,231

3518,234

3519,237

3520,240

3521,241

3522,243

3523,235

3524,241

3525,248

3526,241

3527,246

3528,247

3529,246

3530,248

3531,243

3532,246

3533,248

3534,248

3535,255

3536,252

3537,251

3538,255

3539,251

3540,256

3541,258

3542,253

3543,251

3544,247

3545,246

3546,241

3547,234

3548,233

3549,223

3550,238

3551,251

3552,256

3553,263

3554,265

3555,261

3556,265

3557,262

3558,265

3559,267

3560,259

3561,265

3562,257

3563,253

3564,257

3565,251

3566,258

3567,263

3568,257

3569,261

3570,261

3571,262

3572,267

3573,265

3574,267

3575,260

3576,259

3577,265

3578,253

3579,253

3580,256

3581,248

3582,251

3583,254

3584,253

3585,260

3586,258

3587,261

3588,260

3589,256

3590,260

3591,248

3592,248

3593,246

3594,241

3595,243

3596,238

3597,256

3598,269

3599,264

3600,265

3601,259

3602,257

3603,263

3604,256

3605,262

3606,266

3607,262

3608,267

3609,266

3610,262

3611,266

3612,255

3613,257

3614,256

3615,256

3616,262

3617,254

3618,258

3619,262

3620,253

3621,258

3622,259

3623,256

3624,263

3625,264

3626,261

3627,257

3628,248

3629,251

3630,244

3631,243

3632,248

3633,245

3634,249

3635,249

3636,237

3637,238

3638,232

3639,233

3640,235

3641,234

3642,233

3643,233

3644,233

3645,238

3646,227

3647,231

3648,233

3649,228

3650,236

3651,238

3652,245

3653,255

3654,251

3655,269

3656,278

3657,267

3658,267

3659,252

3660,245

3661,244

3662,224

3663,225

3664,223

3665,221

3666,225

3667,223

3668,226

3669,225

3670,218

3671,218

3672,211

3673,213

3674,215

3675,207

3676,214

3677,216

3678,215

3679,219

3680,215

3681,215

3682,217

3683,212

3684,212

3685,210

3686,207

3687,209

3688,207

3689,205

3690,207

3691,204

3692,207

3693,206

3694,205

3695,207

3696,203

3697,205

3698,204

3699,205

3700,210

3701,208

3702,211

3703,214

3704,207

3705,212

3706,214

3707,207

3708,213

3709,211

3710,212

3711,214

3712,212

3713,217

3714,215

3715,215

3716,219

3717,221

3718,224

3719,224

3720,218

3721,221

3722,217

3723,215

3724,217

3725,214

3726,221

3727,224

3728,225

3729,231

3730,228

3731,228

3732,229

3733,227

3734,227

3735,224

3736,223

3737,223

3738,217

3739,220

3740,221

3741,223

3742,228

3743,226

3744,228

3745,229

3746,223

3747,227

3748,225

3749,224

3750,230

3751,229

3752,231

3753,232

3754,225

3755,229

3756,225

3757,224

3758,225

3759,217

3760,218

3761,220

3762,219

3763,226

3764,226

3765,223

3766,225

3767,219

3768,221

3769,220

3770,219

3771,222

3772,218

3773,222

3774,225

3775,219

3776,225

3777,227

3778,223

3779,226

3780,222

3781,221

3782,219

3783,214

3784,218

3785,213

3786,210

3787,212

3788,209

3789,212

3790,211

3791,209

3792,213

3793,212

3794,215

3795,217

3796,219

3797,227

3798,231

3799,234

3800,238

3801,233

3802,238

3803,237

3804,234

3805,238

3806,235

3807,235

3808,237

3809,235

3810,238

3811,234

3812,233

3813,239

3814,233

3815,240

3816,243

3817,238

3818,244

3819,243

3820,240

3821,243

3822,240

3823,245

3824,246

3825,242

3826,243

3827,237

3828,240

3829,239

3830,226

3831,233

3832,235

3833,231

3834,234

3835,231

3836,237

3837,238

3838,240

3839,248

3840,246

3841,251

3842,256

3843,246

3844,249

3845,252

3846,238

3847,230

3848,220

3849,207

3850,201

3851,196

3852,195

3853,194

3854,206

3855,218

3856,230

3857,240

3858,240

3859,243

3860,249

3861,248

3862,248

3863,252

3864,252

3865,260

3866,260

3867,254

3868,255

3869,248

3870,254

3871,255

3872,252

3873,254

3874,247

3875,249

3876,251

3877,242

3878,247

3879,247

3880,245

3881,249

3882,241

3883,238

3884,238

3885,232

3886,235

3887,228

3888,229

3889,229

3890,222

3891,231

3892,230

3893,227

3894,234

3895,226

3896,230

3897,233

3898,235

3899,237

3900,236

3901,229

3902,230

3903,230

3904,238

3905,240

3906,235

3907,240

3908,240

3909,258

3910,213411

3911,3465

3912,21071

3913,451

3914,401

3915,376

3916,339

3917,333

3918,308

3919,294

3920,287

3921,261

3922,264

3923,265

3924,264

3925,271

3926,262

3927,265

3928,271

3929,258

3930,266

3931,268

3932,260

3933,266

3934,265

3935,258

3936,250

3937,244

3938,252

3939,248

3940,243

3941,244

3942,235

3943,244

3944,247

3945,239

3946,246

3947,248

3948,248

3949,251

3950,255

3951,260

3952,258

3953,260

3954,270

3955,266

3956,268

3957,269

3958,262

3959,266

3960,262

3961,260

3962,266

3963,265

3964,270

3965,266

3966,252

3967,256

3968,245

3969,249

3970,257

3971,251

3972,258

3973,259

3974,258

3975,264

3976,259

3977,256

3978,256

3979,256

3980,259

3981,248

3982,253

3983,257

3984,251

3985,254

3986,254

3987,252

3988,261

3989,261

3990,263

3991,268

3992,265

3993,274

3994,277

3995,271

3996,276

3997,273

3998,276

3999,275

4000,274

4001,280

4002,277

4003,279

4004,286

4005,287

4006,296

4007,298

4008,297

4009,305

4010,302

4011,296

4012,294

4013,289

4014,302

4015,305

4016,312

4017,319

4018,294

4019,300

4020,299

4021,282

4022,289

4023,285

4024,267

4025,267

4026,264

4027,269

4028,267

4029,259

4030,263

4031,257

4032,272

4033,274

4034,274

4035,273

4036,260

4037,243

4038,239

4039,219

4040,216

4041,213

4042,216

4043,222

4044,219

4045,215

4046,216

4047,210

4048,222

4049,227

4050,230

4051,237

4052,236

4053,240

4054,245

4055,240

4056,248

4057,252

4058,254

4059,260

4060,257

4061,260

4062,265

4063,259

4064,265

4065,261

4066,265

4067,274

4068,263

4069,268

4070,271

4071,262

4072,272

4073,277

4074,276

4075,274

4076,268

4077,275

4078,275

4079,271

4080,279

4081,273

4082,268

4083,268

4084,266

4085,276

4086,275

4087,271

4088,275

4089,269

4090,273

4091,270

4092,268

4093,276

4094,272

4095,276

4096,276

4097,274

4098,279

4099,273

4100,269

4101,278

4102,266

4103,265

4104,268

4105,261

4106,269

4107,264

4108,264

4109,267

4110,257

4111,264

4112,262

4113,256

4114,262

4115,259

4116,258

4117,259

4118,252

4119,257

4120,254

4121,253

4122,260

4123,253

4124,256

4125,251

4126,248

4127,253

4128,245

4129,247

4130,254

4131,251

4132,262

4133,265

4134,265

4135,271

4136,269

4137,275

4138,282

4139,274

4140,279

4141,275

4142,268

4143,270

4144,265

4145,266

4146,268

4147,265

4148,269

4149,261

4150,261

4151,261

4152,254

4153,263

4154,267

4155,273

4156,287

4157,295

4158,300

4159,302

4160,292

4161,296

4162,298

4163,293

4164,294

4165,287

4166,286

4167,283

4168,268

4169,276

4170,273

4171,271

4172,273

4173,265

4174,269

4175,266

4176,265

4177,270

4178,263

4179,258

4180,254

4181,249

4182,256

4183,249

4184,241

4185,250

4186,251

4187,258

4188,258

4189,245

4190,253

4191,252

4192,262

4193,271

4194,281

4195,295

4196,306

4197,326

4198,346

4199,317

4200,307

4201,309

4202,297

4203,295

4204,293

4205,292

4206,294

4207,289

4208,291

4209,284

4210,274

4211,282

4212,271

4213,274

4214,279

4215,264

4216,264

4217,258

4218,250

4219,241

4220,229

4221,224

4222,221

4223,213

4224,219

4225,217

4226,212

4227,221

4228,229

4229,240

4230,242

4231,249

4232,253

4233,250

4234,248

4235,243

4236,236

4237,246

4238,244

4239,243

4240,256

4241,258

4242,263

4243,265

4244,260

4245,263

4246,258

4247,247

4248,242

4249,227

4250,230

4251,228

4252,224

4253,229

4254,228

4255,230

4256,239

4257,245

4258,252

4259,253

4260,256

4261,257

4262,254

4263,259

4264,259

4265,261

4266,268

4267,261

4268,267

4269,273

4270,267

4271,270

4272,271

4273,267

4274,270

4275,267

4276,269

4277,270

4278,265

4279,273

4280,271

4281,267

4282,271

4283,260

4284,267

4285,272

4286,267

4287,273

4288,273

4289,280

4290,283

4291,272

4292,276

4293,272

4294,271

4295,279

4296,262

4297,265

4298,269

4299,255

4300,263

4301,265

4302,270

4303,279

4304,277

4305,288

4306,291

4307,281

4308,283

4309,265

4310,271

4311,281

4312,286

4313,294

4314,293

4315,277

4316,283

4317,285

4318,285

4319,285

4320,286

4321,292

4322,281

4323,279

4324,285

4325,274

4326,276

4327,279

4328,263

4329,264

4330,264

4331,258

4332,258

4333,253

4334,258

4335,247

4336,242

4337,249

4338,244

4339,243

4340,240

4341,229

4342,226

4343,223

4344,218

4345,218

4346,216

4347,220

4348,219

4349,217

4350,215

4351,201

4352,187

4353,190

4354,194

4355,204

4356,217

4357,230

4358,236

4359,237

4360,240

4361,239

4362,234

4363,242

4364,243

4365,251

4366,260

4367,252

4368,260

4369,264

4370,265

4371,277

4372,278

4373,291

4374,300

4375,301

4376,318

4377,310

4378,304

4379,316

4380,311

4381,305

4382,300

4383,293

4384,300

4385,301

4386,302

4387,305

4388,303

4389,306

4390,293

4391,286

4392,291

4393,275

4394,275

4395,279

4396,269

4397,272

4398,268

4399,261

4400,265

4401,263

4402,268

4403,267

4404,266

4405,274

4406,269

4407,271

4408,277

4409,268

4410,274

4411,271

4412,268

4413,276

4414,273

4415,274

4416,273

4417,271

4418,277

4419,272

4420,275

4421,278

4422,269

4423,270

4424,272

4425,261

4426,267

4427,264

4428,263

4429,263

4430,257

4431,256

4432,249

4433,253

4434,260

4435,258

4436,268

4437,271

4438,260

4439,265

4440,267

4441,261

4442,264

4443,262

4444,265

4445,266

4446,270

4447,276

4448,267

4449,272

4450,280

4451,272

4452,283

4453,285

4454,284

4455,288

4456,287

4457,284

4458,290

4459,293

4460,303

4461,299

4462,291

4463,291

4464,270

4465,271

4466,271

4467,273

4468,284

4469,280

4470,279

4471,286

4472,279

4473,287

4474,284

4475,279

4476,288

4477,283

4478,287

4479,288

4480,279

4481,286

4482,278

4483,277

4484,279

4485,268

4486,269

4487,267

4488,265

4489,275

4490,281

4491,289

4492,294

4493,278

4494,281

4495,283

4496,285

4497,288

4498,277

4499,273

4500,272

4501,266

4502,279

4503,281

4504,284

4505,290

4506,281

4507,292

4508,295

4509,282

4510,290

4511,285

4512,284

4513,287

4514,278

4515,283

4516,277

4517,272

4518,283

4519,281

4520,297

4521,310

4522,281

4523,283

4524,283

4525,278

4526,272

4527,263

4528,266

4529,266

4530,260

4531,266

4532,260

4533,261

4534,263

4535,270

4536,279

4537,276

4538,273

4539,282

4540,279

4541,281

4542,282

4543,267

4544,270

4545,263

4546,262

4547,263

4548,255

4549,260

4550,261

4551,256

4552,260

4553,257

4554,259

4555,265

4556,256

4557,264

4558,265

4559,260

4560,263

4561,257

4562,263

4563,263

4564,255

4565,261

4566,257

4567,267

4568,273

4569,263

4570,259

4571,255

4572,255

4573,262

4574,257

4575,259

4576,263

4577,256

4578,266

4579,267

4580,260

4581,267

4582,262

4583,263

4584,263

4585,255

4586,262

4587,261

4588,261

4589,265

4590,261

4591,264

4592,263

4593,261

4594,269

4595,260

4596,259

4597,261

4598,259

4599,262

4600,263

4601,267

4602,273

4603,267

4604,269

4605,272

4606,268

4607,274

4608,276

4609,277

4610,282

4611,276

4612,282

4613,279

4614,276

4615,283

4616,279

4617,280

4618,283

4619,276

4620,281

4621,280

4622,274

4623,277

4624,267

4625,273

4626,277

4627,267

4628,268

4629,257

4630,256

4631,260

4632,253

4633,251

4634,251

4635,253

4636,263

4637,261

4638,260

4639,263

4640,266

4641,272

4642,268

4643,267

4644,269

4645,253

4646,257

4647,261

4648,262

4649,264

4650,257

4651,254

4652,257

4653,252

4654,250

4655,245

4656,232

4657,236

4658,227

4659,226

4660,227

4661,223

4662,233

4663,235

4664,239

4665,246

4666,246

4667,253

4668,259

4669,254

4670,262

4671,262

4672,263

4673,262

4674,256

4675,262

4676,265

4677,260

4678,265

4679,263

4680,258

4681,260

4682,251

4683,252

4684,249

4685,248

4686,253

4687,246

4688,250

4689,253

4690,245

4691,251

4692,249

4693,246

4694,250

4695,250

4696,254

4697,252

4698,254

4699,260

4700,254

4701,257

4702,260

4703,253

4704,265

4705,269

4706,265

4707,273

4708,273

4709,267

4710,260

4711,254

4712,257

4713,257

4714,262

4715,269

4716,267

4717,280

4718,285

4719,279

4720,288

4721,289

4722,291

4723,285

4724,277

4725,276

4726,266

4727,248

4728,256

4729,251

4730,255

4731,256

4732,255

4733,258

4734,254

4735,254

4736,257

4737,248

4738,252

4739,249

4740,243

4741,248

4742,242

4743,237

4744,235

4745,230

4746,228

4747,226

4748,223

4749,227

4750,228

4751,238

4752,245

4753,253

4754,265

4755,264

4756,272

4757,279

4758,280

4759,279

4760,275

4761,267

4762,270

4763,264

4764,265

4765,266

4766,266

4767,271

4768,262

4769,263

4770,269

4771,263

4772,263

4773,263

4774,255

4775,258

4776,257

4777,258

4778,261

4779,259

4780,259

4781,255

4782,249

4783,253

4784,249

4785,248

4786,247

4787,237

4788,244

4789,243

4790,239

4791,243

4792,237

4793,235

4794,234

4795,228

4796,233

4797,230

4798,225

4799,221

4800,199

4801,198

4802,196

4803,198

4804,201

4805,195

4806,194

4807,194

4808,200

4809,209

4810,217

4811,220

4812,224

4813,215

4814,217

4815,217

4816,214

4817,217

4818,214

4819,210

4820,213

4821,208

4822,209

4823,205

4824,207

4825,212

4826,207

4827,208

4828,210

4829,208

4830,212

4831,213

4832,216

4833,220

4834,217

4835,219

4836,220

4837,219

4838,226

4839,230

4840,228

4841,235

4842,235

4843,240

4844,237

4845,237

4846,237

4847,232

4848,235

4849,238

4850,230

4851,235

4852,229

4853,229

4854,235

4855,242

4856,247

4857,244

4858,242

4859,246

4860,240

4861,237

4862,241

4863,236

4864,247

4865,254

4866,250

4867,256

4868,253

4869,256

4870,260

4871,280

4872,282

4873,275

4874,259

4875,240

4876,225

4877,225

4878,222

4879,236

4880,248

4881,249

4882,249

4883,252

4884,247

4885,247

4886,248

4887,250

4888,253

4889,249

4890,249

4891,249

4892,243

4893,255

4894,259

4895,262

4896,268

4897,260

4898,262

4899,261

4900,251

4901,247

4902,237

4903,253

4904,260

4905,259

4906,257

4907,246

4908,252

4909,258

4910,254

4911,258

4912,258

4913,247

4914,255

4915,257

4916,251

4917,255

4918,260

4919,256

4920,250

4921,249

4922,257

4923,246

4924,250

4925,255

4926,253

4927,255

4928,243

4929,232

4930,234

4931,237

4932,252

4933,257

4934,256

4935,261

4936,254

4937,257

4938,261

4939,262

4940,272

4941,274

4942,277

4943,290

4944,290

4945,294

4946,300

4947,290

4948,296

4949,275

4950,261

4951,265

4952,260

4953,259

4954,258

4955,253

4956,258

4957,248

4958,249

4959,252

4960,251

4961,259

4962,262

4963,265

4964,272

4965,263

4966,258

4967,256

4968,248

4969,252

4970,253

4971,254

4972,262

4973,260

4974,266

4975,260

4976,253

4977,257

4978,250

4979,250

4980,256

4981,249

4982,255

4983,256

4984,252

4985,257

4986,254

4987,257

4988,260

4989,254

4990,258

4991,252

4992,249

4993,255

4994,249

4995,254

4996,256

4997,257

4998,263

4999,261

5000,258

5001,264

5002,267

5003,273

5004,272

5005,274

5006,289

5007,286

5008,290

5009,304

5010,285

5011,289

5012,282

5013,265

5014,260

5015,247

5016,241

5017,237

5018,230

5019,232

5020,226

5021,225

5022,230

5023,229

5024,233

5025,234

5026,235

5027,237

5028,232

5029,230

5030,228

5031,225

5032,227

5033,224

5034,224

5035,228

5036,224

5037,228

5038,230

5039,229

5040,231

5041,224

5042,220

5043,221

5044,221

5045,227

5046,227

5047,228

5048,232

5049,222

5050,230

5051,239

5052,247

5053,254

5054,253

5055,247

5056,245

5057,237

5058,240

5059,242

5060,239

5061,245

5062,242

5063,244

5064,252

5065,252

5066,256

5067,250

5068,254

5069,264

5070,260

5071,256

5072,247

5073,238

5074,244

5075,238

5076,242

5077,249

5078,243

5079,244

5080,239

5081,224

5082,227

5083,229

5084,234

5085,242

5086,241

5087,242

5088,238

5089,232

5090,236

5091,227

5092,231

5093,234

5094,238

5095,245

5096,244

5097,246

5098,248

5099,240

5100,232

5101,224

5102,218

5103,224

5104,224

5105,229

5106,233

5107,228

5108,234

5109,233

5110,240

5111,245

5112,244

5113,247

5114,247

5115,241

5116,243

5117,241

5118,241

5119,244

5120,239

5121,242

5122,243

5123,238

5124,246

5125,247

5126,243

5127,242

5128,237

5129,242

5130,242

5131,242

5132,248

5133,244

5134,247

5135,252

5136,251

5137,258

5138,258

5139,245

5140,245

5141,243

5142,254

5143,256

5144,246

5145,248

5146,236

5147,241

5148,247

5149,237

5150,234

5151,231

5152,226

5153,230

5154,231

5155,230

5156,232

5157,227

5158,227

5159,219

5160,214

5161,218

5162,215

5163,221

5164,222

5165,216

5166,215

5167,210

5168,214

5169,215

5170,212

5171,218

5172,221

5173,223

5174,230

5175,231

5176,237

5177,245

5178,240

5179,239

5180,236

5181,234

5182,234

5183,227

5184,231

5185,233

5186,233

5187,237

5188,234

5189,235

5190,239

5191,236

5192,243

5193,244

5194,242

5195,248

5196,251

5197,253

5198,254

5199,252

5200,250

5201,236

5202,231

5203,234

5204,225

5205,229

5206,227

5207,229

5208,233

5209,239

5210,236

5211,233

5212,229

5213,230

5214,221

5215,218

5216,221

5217,213

5218,220

5219,226

5220,220

5221,217

5222,215

5223,216

5224,219

5225,218

5226,223

5227,221

5228,222

5229,223

5230,211

5231,201

5232,202

5233,193

5234,200

5235,203

5236,211

5237,217

5238,218

5239,223

5240,224

5241,221

5242,226

5243,223

5244,223

5245,224

5246,221

5247,225

5248,224

5249,222

5250,224

5251,220

5252,222

5253,223

5254,219

5255,224

5256,224

5257,218

5258,221

5259,214

5260,219

5261,225

5262,226

5263,231

5264,237

5265,232

5266,236

5267,232

5268,233

5269,230

5270,231

5271,232

5272,221

5273,219

5274,220

5275,216

5276,223

5277,225

5278,232

5279,236

5280,236

5281,239

5282,241

5283,237

5284,239

5285,236

5286,236

5287,239

5288,240

5289,242

5290,239

5291,235

5292,239

5293,231

5294,228

5295,226

5296,221

5297,229

5298,227

5299,233

5300,239

5301,233

5302,241

5303,246

5304,243

5305,250

5306,248

5307,243

5308,243

5309,241

5310,244

5311,244

5312,241

5313,245

5314,232

5315,233

5316,234

5317,238

5318,243

5319,242

5320,245

5321,251

5322,249

5323,253

5324,253

5325,254

5326,264

5327,270

5328,275

5329,280

5330,258

5331,263

5332,261

5333,267

5334,277

5335,273

5336,275

5337,285

5338,280

5339,282

5340,276

5341,275

5342,279

5343,264

5344,267

5345,262

5346,254

5347,260

5348,261

5349,256

5350,253

5351,248

5352,255

5353,253

5354,249

5355,254

5356,241

5357,246

5358,253

5359,260

5360,268

5361,268

5362,272

5363,277

5364,263

5365,278

5366,284

5367,272

5368,273

5369,263

5370,268

5371,265

5372,255

5373,258

5374,253

5375,252

5376,258

5377,253

5378,258

5379,252

5380,250

5381,256

5382,251

5383,255

5384,257

5385,238

5386,243

5387,242

5388,240

5389,245

5390,248

5391,261

5392,271

5393,270

5394,275

5395,267

5396,265

5397,265

5398,254

5399,261

5400,262

5401,259

5402,263

5403,265

5404,268

5405,270

5406,270

5407,278

5408,272

5409,274

5410,285

5411,281

5412,281

5413,283

5414,272

5415,272

5416,262

5417,255

5418,258

5419,252

5420,257

5421,258

5422,254

5423,254

5424,237

5425,233

5426,227

5427,208

5428,214

5429,221

5430,233

5431,240

5432,239

5433,240

5434,227

5435,221

5436,230

5437,234

5438,244

5439,251

5440,245

5441,245

5442,242

5443,240

5444,245

5445,244

5446,249

5447,251

5448,245

5449,249

5450,242

5451,238

5452,241

5453,239

5454,248

5455,252

5456,255

5457,255

5458,252

5459,250

5460,248

5461,244

5462,241

5463,225

5464,207

5465,203

5466,188

5467,187

5468,184

5469,180

5470,184

5471,181

5472,185

5473,188

5474,186

5475,189

5476,186

5477,185

5478,191

5479,186

5480,190

5481,192

5482,192

5483,195

5484,195

5485,196

5486,201

5487,199

5488,200

5489,200

5490,199

5491,203

5492,197

5493,191

5494,192

5495,185

5496,188

5497,191

5498,195

5499,203

5500,216

5501,230

5502,238

5503,246

5504,257

5505,256

5506,263

5507,274

5508,268

5509,271

5510,267

5511,264

5512,270

5513,257

5514,260

5515,263

5516,259

5517,267

5518,264

5519,267

5520,275

5521,266

5522,271

5523,278

5524,268

5525,270

5526,269

5527,260

5528,264

5529,262

5530,267

5531,263

5532,261

5533,265

5534,255

5535,256

5536,259

5537,252

5538,258

5539,259

5540,253

5541,255

5542,253

5543,254

5544,250

5545,249

5546,251

5547,235

5548,238

5549,242

5550,226

5551,234

5552,233

5553,235

5554,239

5555,237

5556,237

5557,237

5558,232

5559,239

5560,235

5561,237

5562,243

5563,239

5564,247

5565,251

5566,248

5567,258

5568,261

5569,268

5570,272

5571,270

5572,274

5573,262

5574,262

5575,266

5576,254

5577,259

5578,266

5579,258

5580,265

5581,270

5582,267

5583,267

5584,262

5585,269

5586,270

5587,265

5588,271

5589,261

5590,258

5591,264

5592,253

5593,258

5594,264

5595,263

5596,267

5597,265

5598,269

5599,270

5600,275

5601,280

5602,272

5603,276

5604,283

5605,262

5606,264

5607,265

5608,256

5609,262

5610,258

5611,251

5612,249

5613,244

5614,256

5615,262

5616,260

5617,264

5618,250

5619,247

5620,253

5621,251

5622,255

5623,259

5624,259

5625,263

5626,264

5627,262

5628,254

5629,252

5630,256

5631,243

5632,243

5633,250

5634,243

5635,250

5636,256

5637,250

5638,255

5639,255

5640,258

5641,255

5642,252

5643,259

5644,254

5645,257

5646,265

5647,258

5648,264

5649,273

5650,267

5651,272

5652,278

5653,270

5654,269

5655,267

5656,273

5657,267

5658,268

5659,278

5660,270

5661,265

5662,264

5663,239

5664,238

5665,238

5666,230

5667,234

5668,230

5669,243

5670,250

5671,250

5672,257

5673,249

5674,246

5675,253

5676,250

5677,256

5678,258

5679,254

5680,260

5681,260

5682,263

5683,263

5684,267

5685,273

5686,268

5687,268

5688,277

5689,267

5690,276

5691,281

5692,278

5693,282

5694,283

5695,275

5696,275

5697,271

5698,273

5699,262

5700,260

5701,261

5702,240

5703,228

5704,228

5705,226

5706,226

5707,225

5708,221

5709,220

5710,213

5711,211

5712,208

5713,211

5714,216

5715,211

5716,209

5717,212

5718,206

5719,201

5720,199

5721,195

5722,198

5723,198

5724,204

5725,202

5726,202

5727,209

5728,204

5729,201

5730,205

5731,203

5732,206

5733,208

5734,206

5735,209

5736,210

5737,214

5738,218

5739,217

5740,219

5741,214

5742,216

5743,224

5744,225

5745,228

5746,235

5747,227

5748,231

5749,233

5750,222

5751,223

5752,227

5753,230

5754,232

5755,226

5756,235

5757,239

5758,233

5759,238

5760,230

5761,228

5762,226

5763,224

5764,226

5765,226

5766,232

5767,231

5768,231

5769,235

5770,228

5771,223

5772,224

5773,214

5774,214

5775,217

5776,213

5777,220

5778,226

5779,234

5780,241

5781,235

5782,236

5783,229

5784,220

5785,225

5786,217

5787,218

5788,218

5789,204

5790,203

5791,198

5792,198

5793,201

5794,205

5795,205

5796,207

5797,209

5798,214

5799,212

5800,214

5801,218

5802,212

5803,215

5804,217

5805,212

5806,213

5807,214

5808,217

5809,215

5810,213

5811,216

5812,213

5813,213

5814,216

5815,211

5816,214

5817,219

5818,215

5819,218

5820,217

5821,220

5822,222

5823,221

5824,222

5825,216

5826,219

5827,224

5828,217

5829,220

5830,221

5831,212

5832,212

5833,211

5834,219

5835,225

5836,222

5837,220

5838,218

5839,216

5840,221

5841,213

5842,213

5843,212

5844,196

5845,197

5846,196

5847,206

5848,214

5849,222

5850,228

5851,230

5852,230

5853,230

5854,227

5855,228

5856,231

5857,225

5858,237

5859,246

5860,255

5861,264

5862,263

5863,263

5864,255

5865,252

5866,256

5867,245

5868,246

5869,252

5870,253

5871,255

5872,254

5873,253

5874,257

5875,258

5876,258

5877,259

5878,251

5879,255

5880,249

5881,246

5882,253

5883,243

5884,243

5885,243

5886,237

5887,245

5888,241

5889,236

5890,235

5891,225

5892,226

5893,222

5894,220

5895,226

5896,222

5897,225

5898,230

5899,222

5900,221

5901,219

5902,217

5903,223

5904,219

5905,219

5906,220

5907,217

5908,220

5909,214

5910,215

5911,223

5912,220

5913,221

5914,218

5915,214

5916,217

5917,211

5918,222

5919,228

5920,223

5921,231

5922,230

5923,234

5924,240

5925,227

5926,230

5927,234

5928,227

5929,230

5930,226

5931,225

5932,227

5933,224

5934,224

5935,221

5936,216

5937,224

5938,222

5939,222

5940,224

5941,219

5942,225

5943,225

5944,225

5945,231

5946,229

5947,230

5948,231

5949,230

5950,237

5951,231

5952,232

5953,237

5954,232

5955,234

5956,234

5957,231

5958,238

5959,236

5960,232

5961,233

5962,232

5963,240

5964,246

5965,251

5966,257

5967,250

5968,252

5969,251

5970,247

5971,251

5972,249

5973,249

5974,253

5975,252

5976,258

5977,258

5978,265

5979,275

5980,268

5981,265

5982,266

5983,251

5984,250

5985,249

5986,248

5987,247

5988,239

5989,234

5990,226

5991,223

5992,225

5993,223

5994,225

5995,231

5996,226

5997,233

5998,240

5999,241

6000,246

6001,248

6002,251

6003,252

6004,250

6005,257

6006,250

6007,252

6008,259

6009,250

6010,255

6011,262

6012,248

6013,253

6014,256

6015,259

6016,263

6017,255

6018,261

6019,259

6020,255

6021,260

6022,257

6023,255

6024,262

6025,257

6026,263

6027,263

6028,261

6029,267

6030,260

6031,254

6032,250

6033,239

6034,249

6035,247

6036,253

6037,264

6038,257

6039,263

6040,266

6041,260

6042,264

6043,262

6044,256

6045,253

6046,245

6047,250

6048,248

6049,245

6050,251

6051,242

6052,241

6053,244

6054,238

6055,239

6056,236

6057,238

6058,240

6059,237